Dims:[32, 64, 128, 256, 512, 1024, 2048, 4096]
CPU:[0.007981061935424805, 0.013189077377319336, 0.034909963607788086, 0.10073018074035645, 0.4795680046081543, 1.8760440349578857, 8.750774145126343, 34.33815908432007]
GPU:[2.641303062438965, 0.2995481491088867, 0.24939203262329102, 0.2556149959564209, 0.3940880298614502, 0.941464900970459, 3.539994955062866, 10.90554690361023]