Dims:[ 50. 275. 500.]
CPU:[8.84754204750061, 48.02001404762268, 131.40143609046936]
GPU:[4.678781986236572, 96.17825698852539, 200.47835898399353]