Dims:[  50.  145.  240.  335.  430.  525.  620.  715.  810.  905. 1000.]
CPU:[0.005602121353149414, 0.06765413284301758, 0.11439204216003418, 0.4874539375305176, 0.5905909538269043, 0.6012439727783203, 1.1364219188690186, 1.3253350257873535, 1.673414945602417, 6.784022092819214, 2.3434600830078125]
GPU:[0.14049291610717773, 0.9716601371765137, 1.6411998271942139, 4.57125997543335, 6.189929008483887, 14.593477010726929, 18.166465997695923, 21.358134031295776, 25.012259006500244, 28.660755157470703, 32.68789100646973]