Dims:[   50.   145.   240.   335.   430.   525.   620.   715.   810.   905.
  1000.]
CPU:[0.004288911819458008, 0.0600888729095459, 0.12044310569763184, 0.4867238998413086, 0.6099350452423096, 0.7760539054870605, 1.1808161735534668, 1.4128141403198242, 1.7841711044311523, 6.8919618129730225, 2.53515887260437]
GPU:[0.7222499847412109, 0.02385997772216797, 0.02797102928161621, 0.08051514625549316, 0.07468104362487793, 0.1623070240020752, 0.18862700462341309, 0.37892723083496094, 0.4162881374359131, 0.72599196434021, 1.0480501651763916]